hola
18
29 28
1 0 1 1 1 1 1 1 1 1 1 1 1 1 1 1 1 1 1 1 1 0 1 0 1 1 1 1 
1 2 4 0 0 4 0 4 2 2 2 2 2 2 2 2 2 2 2 2 1 2 1 2 1 0 4 2 
1 2 1 1 1 1 4 1 2 1 2 1 1 1 1 1 1 2 1 2 1 2 1 2 1 4 1 2 
1 2 4 2 2 2 2 2 2 1 2 1 2 2 2 2 1 2 1 2 1 2 1 2 1 2 1 2 
1 2 1 2 1 1 1 1 2 1 2 1 2 1 1 2 1 2 1 2 1 2 1 2 1 2 1 2 
1 2 1 2 2 2 2 4 2 1 2 1 2 4 2 2 4 2 1 2 4 2 4 2 1 2 1 2 
1 2 1 1 1 1 2 1 2 1 2 1 2 1 2 1 1 2 1 2 1 2 1 2 1 2 1 2 
1 2 1 2 2 2 2 1 2 1 2 1 2 1 2 2 2 2 4 2 1 2 1 2 1 2 1 2 
1 2 1 2 1 1 1 1 2 1 2 1 2 1 1 1 1 1 1 2 1 2 1 2 1 2 1 2 
1 2 1 2 2 2 2 4 2 2 2 1 2 2 2 2 2 2 2 2 1 2 2 2 4 2 1 2 
1 2 1 1 1 1 2 1 1 1 2 1 1 1 1 4 1 1 1 1 1 1 1 1 1 2 1 2 
1 2 2 2 2 2 2 1 2 2 0 2 2 2 2 2 2 2 2 2 2 2 2 2 2 2 2 2 
1 4 1 1 1 1 1 1 2 1 0 1 1 1 1 1 1 2 1 4 1 2 1 1 1 4 1 1 
0 2 2 2 2 2 2 2 2 1 0 4 4 2 2 2 1 2 1 2 1 2 2 2 2 2 2 2 
1 4 1 1 1 1 1 1 1 1 0 1 1 2 1 2 1 2 1 2 1 2 1 1 1 4 1 1 
1 2 2 2 2 2 0 0 0 0 0 1 2 2 1 2 2 2 1 2 1 2 2 2 2 2 2 2 
1 4 1 1 1 1 4 1 1 1 1 1 2 1 1 1 1 1 1 2 1 2 1 1 1 1 1 2 
1 0 0 0 0 0 0 2 2 2 2 2 2 1 2 2 2 2 2 2 2 2 1 1 0 0 1 2 
1 0 1 1 1 1 1 1 1 1 1 1 1 1 2 1 1 1 1 1 1 2 2 2 1 1 1 2 
1 0 1 2 2 2 2 2 2 2 2 2 2 2 2 1 2 2 2 2 2 1 1 2 4 0 1 2 
0 0 1 2 1 1 1 1 1 1 1 1 1 1 1 1 2 1 1 1 2 2 2 2 4 0 1 2 
1 0 1 2 2 2 2 2 2 2 2 2 2 2 4 2 2 1 0 1 1 1 1 2 1 1 1 1 
1 2 1 1 1 1 1 1 1 1 1 1 1 2 1 2 1 1 0 1 2 2 2 2 1 2 2 2 
1 2 1 1 1 4 2 2 2 4 2 2 2 2 1 2 2 1 1 1 2 1 1 2 1 2 1 2 
0 2 1 2 2 2 2 4 2 2 2 1 1 1 1 1 2 2 2 2 2 2 2 2 1 2 1 2 
1 4 1 2 1 1 1 1 1 1 4 1 2 2 2 2 1 1 1 1 1 1 1 2 4 2 1 1 
0 2 4 2 2 2 2 2 2 2 2 2 2 1 1 2 2 2 2 2 2 2 1 2 1 2 2 2 
1 0 1 1 1 1 1 1 1 1 1 1 1 1 1 1 1 1 1 1 1 0 1 0 1 1 1 1 
-842150451 -842150451 -842150451 -842150451 -842150451 -842150451 -842150451 -842150451 -842150451 -842150451 -842150451 -842150451 -842150451 -842150451 -842150451 -842150451 -842150451 -842150451 -842150451 -842150451 -842150451 -842150451 -842150451 -842150451 -842150451 -842150451 -842150451 -842150451 

10 11
1 1
0
25 19
13 25
25 20
21 25
6 1
17 6
25 1
14 25
21 1
20 26
21
1 3
19 9
21
